"LOSS"

[1.10298752784729,
 0.3152565062046051,
 0.06224935129284859,
 0.023787423968315125,
 0.02091904543340206,
 0.017436975613236427,
 0.012355352751910686,
 0.010609938763082027,
 0.007780640386044979,
 0.00740053690969944,
 0.006045571994036436,
 0.004947654902935028,
 0.004723027348518372,
 0.0040462627075612545,
 0.004080166574567556,
 0.003794178832322359,
 0.003068116493523121,
 0.0031763878650963306,
 0.0031780721619725227,
 0.0026528476737439632,
 0.0025367294438183308,
 0.0024599202442914248,
 0.0020092171616852283,
 0.0019103417871519923,
 0.0018118078587576747,
 0.0019447288941591978,
 0.001856219838373363,
 0.00273211975581944,
 0.0025728875771164894,
 0.002159889554604888]

"VAL LOSS"
 [0.2160564810037613,
 0.05923626944422722,
 0.029804160818457603,
 0.020412540063261986,
 0.010819952934980392,
 0.013608776032924652,
 0.007115708664059639,
 0.0068960231728851795,
 0.0066979206167161465,
 0.0036042972933501005,
 0.003355066291987896,
 0.0034983570221811533,
 0.0027903001755476,
 0.002697753719985485,
 0.0037257280200719833,
 0.0023356638848781586,
 0.002095553558319807,
 0.00276585528627038,
 0.0019498694455251098,
 0.0016664958093315363,
 0.0014619507128372788,
 0.0016863016644492745,
 0.0014017218491062522,
 0.0011213432298973203,
 0.0013106282567605376,
 0.0012260281946510077,
 0.0013168654404580593,
 0.0011037781368941069,
 0.002593147801235318,
 0.0011468293378129601]