"LOSS"
[8.01855182647705,
 9.68617057800293,
 3.5735843181610107,
 0.6591485738754272,
 0.228683739900589,
 0.05853450670838356,
 0.035916075110435486,
 0.02705974318087101,
 0.03560391440987587,
 0.01972859539091587,
 0.01612669974565506,
 0.015415837056934834,
 0.0141287287697196,
 0.01856931671500206,
 0.01664106734097004,
 0.015259966254234314,
 0.011572249233722687,
 0.0070457663387060165,
 0.0056292107328772545,
 0.005469379480928183,
 0.006293870974332094,
 0.008266055025160313,
 0.004659742116928101,
 0.0031362774316221476,
 0.003171520307660103,
 0.0029508040752261877,
 0.003498726524412632,
 0.00616750493645668,
 0.002940196543931961,
 0.0034190311562269926,
 0.002782263793051243,
 0.00263076089322567,
 0.00243690749630332,
 0.0023074615746736526,
 0.002115189330652356,
 0.0024021409917622805,
 0.002272912999615073,
 0.0019729353953152895,
 0.0019003445049747825,
 0.00195779325440526,
 0.0019389986991882324,
 0.0016587519785389304,
 0.0018405605806037784,
 0.0015510861994698644,
 0.001706508919596672,
 0.0019322797888889909,
 0.0018164165085181594,
 0.001540118595585227,
 0.0016157682985067368,
 0.0015550353564321995]

 "VAL LOSS"
 [5.173364162445068,
 6.3638596534729,
 1.3713151216506958,
 0.20080390572547913,
 0.08386735618114471,
 0.05280318856239319,
 0.03570597991347313,
 0.02437611110508442,
 0.020153678953647614,
 0.025567784905433655,
 0.016526633873581886,
 0.014027301222085953,
 0.012886447831988335,
 0.011444944888353348,
 0.01131956372410059,
 0.01169074047356844,
 0.008995038457214832,
 0.006498090457171202,
 0.006726379971951246,
 0.00858897715806961,
 0.011054870672523975,
 0.007067963480949402,
 0.004435986280441284,
 0.004375707358121872,
 0.0036088188644498587,
 0.003834247589111328,
 0.0064626820385456085,
 0.006351251620799303,
 0.005946317221969366,
 0.004201522096991539,
 0.003366990014910698,
 0.0033972752280533314,
 0.003117995336651802,
 0.0029417267069220543,
 0.003356852801516652,
 0.002844299888238311,
 0.0025163423269987106,
 0.0023869057185947895,
 0.0024651202838867903,
 0.002355360658839345,
 0.0023337434977293015,
 0.002607106463983655,
 0.0022009576205164194,
 0.0022132627200335264,
 0.0022547119297087193,
 0.002223219955340028,
 0.0023755140136927366,
 0.0027704790700227022,
 0.002094477182254195,
 0.0018975266721099615]