"LOSS"
[26.384422302246094,
 3.0054678916931152,
 0.5219733715057373,
 0.22182585299015045,
 0.12134184688329697,
 0.06842626631259918,
 0.04584348946809769,
 0.025730904191732407,
 0.02473236806690693,
 0.019688177853822708,
 0.022766854614019394,
 0.019816022366285324,
 0.012942984700202942,
 0.00806423369795084,
 0.01566433347761631,
 0.02825128100812435,
 0.021144559606909752,
 0.013458010740578175,
 0.011363239958882332,
 0.009381529875099659,
 0.007992599159479141,
 0.006462300196290016,
 0.004973775707185268,
 0.005497582722455263,
 0.007273406255990267,
 0.004367733374238014,
 0.005720965564250946,
 0.0030208397656679153,
 0.0031911111436784267,
 0.002668099943548441,
 0.001908701378852129,
 0.0016643436392769217,
 0.0023976138327270746,
 0.00313591118901968,
 0.002080840291455388]

 "VAL LOSS"
[4.483196258544922,
 0.5494670271873474,
 0.2883433997631073,
 0.09987054765224457,
 0.05286591500043869,
 0.033730681985616684,
 0.019791387021541595,
 0.01672537252306938,
 0.010471327230334282,
 0.04358680546283722,
 0.00935925543308258,
 0.008662356995046139,
 0.006961887702345848,
 0.01261388510465622,
 0.023312315344810486,
 0.011004134081304073,
 0.017105840146541595,
 0.007815259508788586,
 0.012100282125175,
 0.008205823600292206,
 0.006562359165400267,
 0.005283334292471409,
 0.003994801547378302,
 0.005506434477865696,
 0.008548182435333729,
 0.004201836418360472,
 0.0031370120123028755,
 0.003566349158063531,
 0.0019437765004113317,
 0.001934884348884225,
 0.0034327711910009384,
 0.002444974845275283,
 0.0055123246274888515,
 0.002324041910469532,
 0.006669781636446714]