"LOSS"
[41.148895263671875,
 13.001823425292969,
 3.7241714000701904,
 0.9670038819313049,
 0.6821011900901794,
 0.1596563458442688,
 0.22779104113578796,
 0.11542198061943054,
 0.05433895066380501,
 0.03825092688202858,
 0.02554735355079174,
 0.02060573361814022,
 0.018644804134964943,
 0.01785469986498356,
 0.03300909698009491,
 0.014584861695766449,
 0.035583674907684326,
 0.028844239190220833,
 0.027652816846966743,
 0.052159059792757034,
 0.020478200167417526,
 0.016696833074092865,
 0.02694033645093441,
 0.03375561907887459,
 0.008708973415195942,
 0.007231467869132757,
 0.013212225399911404,
 0.008976570330560207,
 0.004898312501609325,
 0.0036994433030486107,
 0.00528264045715332,
 0.0035307337529957294,
 0.0045329206623137,
 0.0036361904349178076,
 0.0035587281454354525]

 "VAL LOSS"
 [13.918900489807129,
 5.056950092315674,
 1.9553577899932861,
 0.6303354501724243,
 0.12765267491340637,
 0.29124850034713745,
 0.1031070351600647,
 0.043322041630744934,
 0.0360141359269619,
 0.03580855950713158,
 0.021919213235378265,
 0.04048478975892067,
 0.01798269711434841,
 0.0171385258436203,
 0.02631104737520218,
 0.045352064073085785,
 0.03771777078509331,
 0.02894505113363266,
 0.04488487169146538,
 0.02266108989715576,
 0.014940829016268253,
 0.04482544958591461,
 0.03266199678182602,
 0.012230263091623783,
 0.008020526729524136,
 0.012466714717447758,
 0.01795751415193081,
 0.01039931084960699,
 0.0034147407859563828,
 0.005810591392219067,
 0.0068254922516644,
 0.0037749423645436764,
 0.003433783072978258,
 0.0033367869909852743,
 0.0025121143553406]