"LOSS"
[58.38520812988281,
 13.557443618774414,
 0.4032886326313019,
 0.09551078081130981,
 0.04587559401988983,
 0.024208027869462967,
 0.020026471465826035,
 0.013575823977589607,
 0.012291151098906994,
 0.010715764947235584,
 0.010225407779216766,
 0.009541083127260208,
 0.007854440249502659,
 0.007235574070364237,
 0.006617204286158085,
 0.005547272972762585,
 0.005917769391089678,
 0.004869213793426752,
 0.004490791819989681,
 0.003717228537425399,
 0.003507898887619376,
 0.003210558323189616,
 0.0029976891819387674,
 0.003294707043096423,
 0.0030965330079197884,
 0.0027480321004986763,
 0.00225639995187521,
 0.0025650118477642536,
 0.002266384894028306,
 0.0022286998573690653,
 0.0022768524941056967,
 0.001929762656800449,
 0.0016901565250009298,
 0.0020593267399817705,
 0.0017722556367516518]

 "VAL LOSS"
 [19.02100944519043,
 0.7910001277923584,
 0.20326346158981323,
 0.03412926569581032,
 0.027988266199827194,
 0.025281136855483055,
 0.01584450528025627,
 0.011614450253546238,
 0.011633305810391903,
 0.009091541171073914,
 0.010270007885992527,
 0.00821250956505537,
 0.006531101651489735,
 0.006606809329241514,
 0.0053854044526815414,
 0.004913767799735069,
 0.005157323554158211,
 0.004665105603635311,
 0.0041587394662201405,
 0.004011368378996849,
 0.0032904555555433035,
 0.003537369892001152,
 0.002893374767154455,
 0.003710615448653698,
 0.0035660865250974894,
 0.0036548578646034002,
 0.0025456352159380913,
 0.0025938081089407206,
 0.0024936001282185316,
 0.0024593619164079428,
 0.002229914302006364,
 0.0017409041756764054,
 0.002204540651291609,
 0.0022974531166255474,
 0.0016361665911972523]